100
2 1
100 20
200 10
2 2
100 20
200 10
3 2
100 10
100 10
100 10
4 2
9 3
7 1
10 1
8 4
5 2
488829 89115
582403 74797
553372 78721
135068 322519
159251 273543
4 3
222222 25092
515151 10824
148148 37638
242424 23001
9 2
22454 2637
28896 2333
26848 2551
234695 70
28731 2305
258861 4
25644 2796
21201 2852
20491 2852
3 2
20291 2157
21850 2228
284336 36
3 1
857598 540796
741342 514915
973643 575521
3 2
8602 445284
42504 90117
8316 460598
8 3
417913 231178
469927 205590
111698 864942
371283 260212
571481 169056
914586 105635
262512 368030
843945 114477
10 5
20559 2083
25042 2426
277331 85
23316 2729
22165 2576
29692 2131
258771 43
21841 2326
23250 2272
295223 73
7 5
61191 435900
547108 48753
149243 178723
32989 808547
165817 160859
806006 33093
478305 55766
4 3
142664 830796
607888 804215
22735 319739
697234 149095
4 1
3449 397935
3154 322896
11591 80
3988 395965
4 3
3425 381808
3233 334495
13591 52
3691 363318
2 1
13634 43
3078 331315
8 6
3053 343261
19922 5
3106 322760
11742 86
3164 316371
3967 357935
3643 329942
3859 371779
3 1
916543 608656
501441 419151
566979 783414
5 3
11514 96
3226 333447
3011 344727
3219 303006
10074 48
7 4
21475 2706
21057 2018
23136 2453
217319 8
273503 65
27018 2339
29670 2132
4 3
89784 613893
154008 357889
299628 183954
97092 567686
7 2
241999 36
21285 2882
27874 2289
245972 57
23373 2750
26473 2508
26096 2898
3 1
311036 201376
231156 270965
754759 82987
9 5
44733 227304
35178 289044
67158 151404
41041 247752
10332 984126
21164 480438
22386 454212
216783 46904
22792 446121
6 4
17355 839680
950811 792209
18284 699611
237546 77856
691273 324014
736069 19590
4 3
920634 7812
232841 30888
113274 63492
898101 8008
10 7
20637 2107
22788 2423
28091 2746
21019 2731
290621 69
21278 2765
254728 5
21225 2803
27985 2905
260032 32
10 3
101316 196951
196951 101316
51332 388730
38259 521558
126166 158159
66361 300693
88273 226052
23531 848000
42919 464929
516656 38622
6 2
12254 67
3429 365393
3141 381233
3762 310021
3023 321265
10621 78
6 2
619610 57034
832972 42425
39479 895130
37096 952632
132737 266232
503517 70184
7 3
36491 828751
66434 455218
33156 912111
235939 128177
102797 294191
82742 365497
57849 522774
9 4
3032 351150
16920 30
13602 71
3839 319417
3680 348599
3710 382910
3647 324549
3794 329806
3608 392977
9 5
106812 195734
28644 729882
95634 218612
25668 814506
409262 51084
335544 62307
539028 38786
57288 364941
307923 67896
9 4
3688 315920
16965 17
3542 353156
3637 309544
3345 308627
3246 355760
14154 86
3311 300343
3637 381379
10 4
3939 399748
3602 393081
3229 382907
15794 74
19600 73
3728 313915
16818 49
3867 333094
3059 332359
3889 301868
8 6
15675 59
3249 316308
3385 324003
3324 336526
3696 319235
15484 50
3880 329524
3656 361270
9 5
21252 392274
132867 62744
22792 365769
454212 18354
554001 15048
55944 149017
18216 457653
580382 14364
10488 794871
4 3
245992 783659
404784 540625
900990 61835
178588 457265
9 4
3056 329197
18178 14
3058 353812
3936 302753
3516 376398
3981 381623
15272 56
3413 327886
3004 327618
8 6
967281 555598
380613 809162
19719 810183
479680 899819
361786 123090
632918 556336
24899 343693
504761 879048
9 4
193226 525961
254103 951811
321251 789459
993940 462106
586394 220068
286241 970548
997416 629148
330944 309263
885379 6674
5 3
925516 226995
869883 856946
979446 788666
351130 327525
883251 709809
2 2
151032 269739
960876 42398
7 1
308031 212937
896324 73178
89185 735451
72942 899224
374642 175077
650829 100781
214763 305412
1 1
1 1
8 2
26647 2835
24928 2259
26132 2298
21746 2811
22249 2567
242147 94
284847 51
21389 2207
10 5
458808 119994
353027 155949
326489 168625
90204 610330
587941 93639
411110 133916
429122 128295
937412 58730
528027 104264
745043 73894
4 3
29716 503874
44919 333336
303924 49266
611847 24472
3 2
605268 45066
73899 369112
911421 29928
2 1
221553 86
28398 2531
5 2
198021 496420
165637 593476
732206 134254
349758 281056
268475 366148
9 2
459191 172992
750327 105869
118991 667583
155531 510743
429286 185043
619788 128167
601003 132173
153427 517747
374322 212214
10 6
683829 21112
235683 61256
453908 31806
297388 48546
811797 17784
594776 24273
17157 841464
643188 22446
33669 428792
124488 115971
10 5
823683 417974
659980 189120
9065 716747
735969 172414
919140 145066
392935 666207
118099 544814
764455 239309
333030 486393
424734 497876
9 5
100282 36828
63612 58058
26796 137826
890568 4147
145464 25389
4712 783783
62244 59334
54054 68324
50141 73656
3 1
80698 767792
123796 500495
476357 130069
8 2
124293 163883
25140 810243
146784 138772
108765 187280
876221 23247
746464 27288
634248 32116
407268 50015
6 3
280517 33
20901 2960
27812 2697
271086 46
25997 2653
28459 2743
7 4
12744 25
3978 399641
3606 337819
12495 91
3779 315398
3604 316077
3206 308981
8 2
17287 73
3014 366705
3839 373264
3536 397978
3475 376685
3735 377974
3003 341703
11398 69
8 5
53196 62118
175032 18879
10179 324632
65637 50344
486948 6786
631098 5236
13572 243474
43758 75516
2 2
56916 131054
19251 387464
4 2
750591 116944
798540 109922
957774 91647
91033 964234
3 2
66521 327672
228072 95571
124098 175644
7 5
968777 57206
195675 283224
85914 645062
359603 154114
876522 63227
124196 446229
56834 975118
7 4
11592 682539
10879 727272
973544 8127
35002 226044
53406 148148
434343 18216
56511 140008
10 3
24765 2979
23624 2471
21940 2433
21418 2239
257563 33
29508 2098
297467 33
25748 2420
27283 2213
278776 74
4 2
624804 761346
838356 242346
968716 240423
188179 795201
9 5
24062 2843
24027 2086
221509 75
23651 2240
29893 2072
237609 92
29194 2903
21694 2839
22145 2384
5 1
20006 882806
106804 485015
69762 842339
968997 161228
142844 87646
2 1
220235 226406
158101 315384
8 2
3118 350856
3513 319666
3727 330389
3412 396188
3992 388326
10132 52
3183 377057
10787 54
2 1
464106 715737
249652 276600
8 4
234932 218520
516197 99453
241307 212747
176457 290934
562336 91293
333871 153764
351409 146090
203680 252049
10 10
1000000 1000000
1000000 1000000
1000000 1000000
1000000 1000000
1000000 1000000
1000000 1000000
1000000 1000000
1000000 1000000
1000000 1000000
1000000 1000000
8 5
3346 363195
11464 32
3322 347872
3402 361739
3225 333528
3522 364344
15240 64
3219 374719
4 3
23466 2328
282308 67
23666 2530
28150 2307
9 4
24998 2554
248715 84
22631 2647
238848 22
29305 2586
29874 2192
24238 2347
25219 2083
21569 2763
2 1
18730 86
3721 300360
4 3
826670 593655
862738 40948
564185 213961
397076 118776
6 3
3143 341114
3156 305420
18951 56
16539 73
3921 324145
3086 334025
2 1
393445 232640
121540 753094
4 1
625283 52145
524624 62150
353768 92166
132797 245528
3 1
793704 491060
202635 601736
565296 107765
8 2
999741 984694
789255 501068
550944 689081
100250 681176
619071 490468
371560 573842
424893 607232
944741 699028
8 2
242676 94
28325 2152
248867 16
25306 2864
20325 2648
24476 2713
20747 2696
23366 2204
4 3
48507 94248
5032 908523
447678 10212
490314 9324
5 1
723763 882904
959959 323612
298045 285730
585247 729650
896128 703676
9 4
21499 2018
21996 2589
291973 62
24368 2014
23789 2396
29247 2449
276994 8
20729 2411
20110 2977
5 3
11462 39
3179 343975
14553 13
3166 310485
3865 334555
5 2
20093 2511
291704 56
26342 2267
241017 59
29302 2696
4 1
291390 16
27310 2216
20044 2805
27006 2096
10 6
167958 76908
490854 26316
32422 398412
381582 33852
121303 106488
111972 115362
122808 105183
93912 137547
763164 16926
242606 53244
8 6
611608 742975
571058 298681
172261 937644
943133 771116
934207 606031
212998 378886
501592 203543
844254 872797
7 1
22428 2878
257997 83
26830 2240
25701 2226
23136 2433
237264 40
22763 2783
3 1
98342 872768
856991 926964
486770 123574
7 4
318681 32984
11571 908424
399156 26334
98952 106227
588411 17864
185592 56637
14322 733932
4 1
809389 45639
367725 618392
634388 797882
295689 3500
9 4
17377 33
3162 361612
3164 341255
3094 321846
17500 29
3606 397531
3964 369252
3443 360413
3869 357812
